192 111100110
44 111100111
152 111101010
142 111101011
221 111101100
230 111101101
0 111110000
6 111110001
136 111110010
231 111110011
16 111110100
129 111110101
216 111110110
228 111110111
240 111111000
15 111111001
40 111111010
64 111111011
137 111111100
164 111111101
177 111111110
183 111111111
188 00000000
197 00000001
238 00000100
205 00000101
8 00000110
94 00000111
181 00001000
23 00001001
24 00001010
42 00001011
153 00001100
187 00001101
2 00001110
5 00001111
19 00010000
148 00010001
196 00010010
12 00010011
35 00010100
150 00010101
184 00010110
7 00010111
134 00011000
222 00011001
128 00011010
166 00011011
9 00011110
130 00011111
173 00100000
180 00100001
14 00100010
168 00100011
178 00100110
18 00100111
34 00101000
59 00101001
194 00101010
255 00101011
29 00101100
113 00101101
213 00101110
218 00101111
248 00110000
30 00110001
138 00110010
208 00110011
227 00110100
135 00110101
214 00110110
224 00110111
71 00111000
107 00111001
126 00111010
139 00111011
155 00111100
182 00111101
202 00111110
17 00111111
36 01000000
63 01000001
174 01000010
234 01000011
74 01000100
87 01000101
96 01000110
102 01000111
167 01001000
175 01001001
199 01001010
244 01001011
21 01001100
160 01001101
20 01001110
41 01001111
58 01010000
176 01010001
27 01010010
28 01010011
122 01010100
33 01010101
65 01010110
242 01010111
121 01011000
131 01011001
185 01011010
249 01011011
133 01011100
145 01011101
161 01011110
171 01011111
193 01100000
220 01100001
88 01100010
169 01100011
85 01100100
165 01100101
72 01100110
80 01100111
144 01101000
189 01101001
246 01101010
253 01101011
4 01101100
81 01101101
245 01101110
211 01101111
235 01110010
198 01110011
210 01110100
225 01110101
239 01110110
217 01110111
43 01111000
154 01111001
170 01111010
191 01111011
215 01111100
219 01111101
252 01111110
132 01111111
243 10000000
93 10000001
237 10000010
223 10000011
123 10000100
124 10000101
143 10000110
162 10000111
204 10001000
207 10001001
251 10001010
206 10001011
247 10001100
1 10001101
3 10001110
25 10001111
31 10010000
141 10010001
146 10010010
212 10010011
46 10010110
73 10010111
118 10011000
158 10011001
186 10011010
190 10011011
201 10011100
172 10011101
209 10011110
38 10011111
69 10100000
151 10100001
179 10100010
200 10100011
232 10100100
22 10100101
75 10100110
79 10100111
119 10101000
157 10101001
66 10101010
233 10101011
236 10101100
125 10101101
149 10101110
254 10101111
26 10110000
68 10110001
86 10110010
11 10110011
13 10110100
104 10110101
140 10110110
89 10110111
117 10111000
127 10111001
61 10111010
92 10111011
95 10111100
45 10111101
78 10111110
147 10111111
156 11000000
241 11000001
39 11000010
90 11000011
91 11000100
250 11000101
159 11000110
163 11000111
195 11001000
99 11001001
37 11001010
108 11001011
67 11001100
229 11001101
60 11001110
77 11001111
103 11010000
76 11010001
203 11010010
226 11010011
83 11010100
82 11010101
120 11010110
112 11010111
84 11011000
57 11011001
109 11011010
56 11011011
105 11100000
115 11100001
62 11100010
98 11100011
70 11100100
54 11100101
114 11100110
55 11100111
100 11101100
53 11101101
52 11101110
49 11101111
51 11110000
97 11110001
50 11110010
106 11110100
111 11110111
116 0000001
110 0001110
47 0010010
10 0111000
101 1001010
48 110111
32 111010
